PID
12724
12727
12730
12733
12736
12739
12742
12745
12748
12751
12754
12757
12760
12763
12766
12769
12772
12775
12778
12781
12784
12787
12790
12793
12796
12799
12802
12805
12808
12811
12814
12817
12820
12823
12826
12829
12832
12835
12838
12841
12844
12847
12850
12853
12856
12859
12862
12865
12868
12871
12874
12877
12880
12883
12886
12889
12892
12895
12898
12901
12904
12907
12910
12913
12916
12919
12922
12925
12928
12931
12934
12937
12940
12943
12946
12949
12952
12955
12958
12961
12964
12967
12970
12973
699
12976
12979
12982
1393
12985
12988
1373
12991
12994
12997
13000
13003
13006
13009
13012
13015
13018
13021
13024
13027
13030
13033
13036
13039
13042
13045
13048
13051
13054
13057
13060
13063
13066
13069
13072
13075
13078
13081
13084
13087
13090
13093
13096
13099
13102
13105
13108
13111
13114
13117
13120
13123
13126
13129
13132
13135
13138
13141
13144
13147
13150
13153
13156
13159
13162
13165
13168
13171
13174
13177
13180
13183
13186
13189
13192
13195
13198
13201
13204
13207
13210
13213
13216
13219
13222
13225
13228
1398
13231
13234
13237
13240
13243
13246
13249
13252
13255
13258
13261
13264
13267
13270
13273
13276
13279
13282
13285
13288
13291
13294
13297
13300
13303
13306
13309
13312
1
13315
13318
13321
13324
13327
13330
13333
13336
13339
13342
13345
13348
13351
13354
13357
13360
13363
13366
13369
13372
13375
13378
13381
13384
13387
13390
13393
13396
13399
13402
13405
13408
13411
13414
13417
13420
13423
13426
13429
13432
13435
13438
13441
13444
13447
13450
13453
13456
13459
13462
13465
13468
1396
1401
13471
13474
13477
13480
13483
13486
13489
13492
13495
13498
13501
13504
13507
13510
13513
13516
13519
13522
13525
13528
13531
13534
13537
13540
13543
13546
13549
13552
13555
13558
13561
13564
13567
13570
13573
13576
13579
13582
13585
13588
13591
13594
13597
873
13600
13603
13606
13609
13612
13615
13618
13621
13624
13627
13630
13633
13636
13639
822
13642
13645
13648
13651
13654
13657
13660
13663
13666
13669
13672
13675
13678
13681
13684
13687
13690
13693
13696
13699
13702
13705
13708
13711
13714
13717
13720
13723
13726
13729
13732
13735
13738
13741
13744
13747
13750
13753
13756
13759
13762
13765
13768
13771
13774
13777
13780
13783
13786
13789
13792
13795
13798
13801
13804
13807
13810
13813
13816
13819
13822
13825
13828
13831
13834
13837
13840
13843
13846
13849
13852
13855
13858
13861
13864
13867
782
13870
13873
13876
13879
13882
13885
13888
13891
13894
13897
13900
13903
13906
13909
13912
13915
13918
13921
13924
13927
13930
13933
13936
13939
13942
13945
13948
13951
13954
13957
13960
13963
13966
13969
13972
13975
13978
13981
13984
13987
13990
13993
13996
13999
14002
14005
14008
14011
14014
14017
14020
14023
14026
14029
14032
14035
14038
14041
14044
14047
14050
14053
14056
14059
14062
14065
14068
14071
14074
14077
14080
14083
14086
14089
14092
14095
14098
14101
14104
14107
14110
14113
14116
14119
14122
14125
14128
14131
14134
14137
14140
14143
14146
14149
14152
14155
14158
14161
14164
14167
14170
14173
14176
14179
14182
14185
14188
14191
14194
14197
14200
14203
14206
14209
14212
14215
14218
14221
14224
14227
14230
14233
14236
14239
14242
14245
14248
14251
14254
14257
14260
14263
14266
14269
14272
14275
14278
14281
1260
14284
14287
14290
14293
14296
14299
14302
14305
14308
14311
14314
14317
14320
14323
14326
14329
14332
829
14335
14338
14341
14344
14347
14350
14353
14356
14359
14362
14365
14368
