1 
10 
11 
12 
1249 
13 
1328 
1331 
1356 
1365 
1385 
1392 
1398 
14 
1405 
1408 
1427 
143 
144 
1470 
15 
1566 
158 
16 
1604 
17 
18 
19 
1920 
1921 
1929 
1934 
1953 86016
1955 0
1960 16384
1964 0
1965 2560000
1974 0
198 
199 
1997 8192
2 
20 
2011 0
2020 0
2025 2031616
2062 
21 
2110 65536
2111 20480
2121 348160
2134 49152
2142 8400896
2178 0
2179 15006720
2193 0
22 
2247 0
2267 4849664
2275 18415616
2289 0
2292 221184
2296 0
2297 0
2299 0
23 
2301 0
2302 4096
2303 0
2304 16384
2307 0
2309 0
2310 0
2316 0
2322 0
2323 0
2324 0
2330 4870144
2377 24576
24 
2406 0
2427 207872
2429 946176
2459 0
247 
25 
2523 0
2524 198656
2530 1126400
2544 0
2564 4583424
2593 200704
2595 5470208
26 
2614 98304
2626 5074944
2630 98304
2640 110592
2649 315392
2677 4096
2700 77824
2710 69632
2711 115712
2751 876544
2789 
28 
2816 7577600
2817 1089536
2842 7524352
2846 0
2870 14200832
2903 315392
2916 147456
2924 4096
2926 446464
2931 0
2950 4096
2952 0
3 
30 
3016 
3047 3989504
3054 540672
3091 872448
3092 64221184
31 
3158 
3162 
3164 
3166 0
3175 172032
32 
324 
33 
34 
35 
36 
38 
39 
391 
4 
40 
41 
412 
417 
42 
43 
44 
45 
47 
48 
49 
5 
50 
51 
52 
53 
54 
55 
56 
57 
574 
58 
584 
585 
592 
6 
60 
61 
62 
63 
64 
643 
646 
65 
655 
67 
68 
682 
689 
69 
7 
703 
71 
711 
715 
720 
743 
751 
77 
786 
79 
796 
8 
81 
817 
829 
906 
94 
95 
